57 44 224
51 41 50
34 39 37
19 38 86
31 30 70
23 21 92
43 34 68
28 40 93
51 36 47
38 26 50
8 30 100
56 33 32
47 44 29
53 38 56
22 26 14
54 23 91
49 36 21
51 44 92
9 34 99
55 35 10
54 29 81
42 21 57
49 29 37
38 36 13
55 22 24
6 21 11
12 43 31
27 34 66
30 37 91
18 42 79
40 41 32
7 26 48
10 39 56
34 35 49
32 25 91
32 25 99
50 40 29
48 34 92
21 22 99
25 33 58
35 27 82
38 22 52
19 44 72
39 40 11
46 40 82
12 37 35
38 24 39
52 32 17
16 41 3
22 28 33
27 24 61
33 24 84
8 24 9
16 44 23
43 30 63
26 40 39
31 30 28
6 37 94
18 25 4
12 30 1
55 44 100
54 42 32
23 42 24
27 36 80
29 30 3
56 35 88
48 36 36
22 43 71
19 32 98
36 24 55
35 44 77
32 21 88
21 43 82
48 28 99
47 27 28
47 41 14
28 26 33
32 33 67
38 27 5
19 25 21
13 44 23
8 38 59
45 32 40
43 44 58
26 37 57
9 35 2
17 28 55
51 23 99
42 32 31
26 40 29
11 44 42
55 29 26
50 41 11
37 43 31
7 24 62
52 42 11
34 21 31
14 26 62
20 25 42
37 31 47
6 35 8
35 39 42
21 38 78
43 26 86
36 36 44
30 42 91
32 38 39
26 40 26
46 40 19
25 44 100
30 36 39
9 36 83
46 27 26
9 37 20
55 22 74
21 30 99
8 41 8
27 43 90
27 44 92
45 29 3
28 42 55
32 28 70
47 22 24
26 39 97
11 33 8
42 24 38
10 38 60
41 32 78
19 32 76
43 36 14
38 23 79
16 23 42
41 30 18
46 33 7
11 37 18
48 24 50
44 37 34
57 32 93
7 31 9
40 26 85
53 28 58
6 35 51
57 29 92
57 41 10
12 25 16
55 26 44
51 30 88
39 40 73
49 30 20
23 25 73
47 29 37
10 35 85
39 35 92
19 37 99
7 29 22
47 25 94
41 22 1
53 37 63
30 43 28
55 22 94
18 38 73
23 33 25
28 43 29
16 39 37
27 38 11
23 28 25
48 38 88
25 37 97
54 37 73
46 30 96
33 41 80
48 37 61
8 29 37
41 24 22
29 34 10
38 34 14
25 44 73
10 24 22
20 41 68
19 32 78
11 28 91
23 31 14
10 38 51
19 32 21
12 29 93
48 25 50
40 28 2
57 29 64
8 26 26
26 38 88
21 42 66
21 41 100
6 33 7
6 43 53
12 26 26
39 34 61
47 28 51
6 34 24
51 25 92
12 26 96
49 27 48
33 39 77
22 43 55
20 21 30
45 39 26
55 44 19
30 28 96
24 28 82
25 21 88
28 31 6
41 44 32
24 23 66
52 24 93
17 31 18
56 40 60
57 39 70
31 24 62
50 41 99
32 30 95
42 44 46
14 26 100
45 22 71
38 39 72
52 28 36
33 35 74